4 0.133427 0.551250 0.053371 0.052500
4 0.175211 0.550312 0.035112 0.040625
4 0.229986 0.546250 0.054775 0.052500
4 0.308989 0.549687 0.031601 0.029375
4 0.469452 0.569063 0.047051 0.074375
4 0.527563 0.555000 0.023525 0.032500
4 0.362360 0.546250 0.017556 0.025000
4 0.388694 0.545625 0.011236 0.018750
4 0.402739 0.544063 0.013343 0.018125
4 0.419417 0.543125 0.013694 0.013750
4 0.678722 0.571562 0.058989 0.065625
4 0.618504 0.554688 0.028441 0.040625
4 0.567065 0.545625 0.008427 0.012500
4 0.581812 0.545312 0.009129 0.013125
4 0.950316 0.653125 0.099368 0.231250
